[gd_scene load_steps=9 format=2]

[ext_resource path="res://Walls.tscn" type="PackedScene" id=1]
[ext_resource path="res://Floor.tscn" type="PackedScene" id=2]
[ext_resource path="res://Player.tscn" type="PackedScene" id=3]
[ext_resource path="res://Cutout.tscn" type="PackedScene" id=4]
[ext_resource path="res://Player.gd" type="Script" id=5]
[ext_resource path="res://Main.gd" type="Script" id=6]
[ext_resource path="res://assets/final kawaii .ogg" type="AudioStream" id=7]
[ext_resource path="res://assets/428782__pauliperez1999__it-s-too-cute.wav" type="AudioStream" id=8]

[node name="Main" type="Spatial"]
script = ExtResource( 6 )

[node name="Camera" type="Camera" parent="."]
transform = Transform( 0.707107, 0, 0.707107, 0, 1, 0, -0.707107, 0, 0.707107, 10.7, 7.2, 10.6 )

[node name="Floor" parent="." instance=ExtResource( 2 )]

[node name="Player" parent="." instance=ExtResource( 3 )]
transform = Transform( -0.404736, -0.138239, -0.903924, -0.265047, 0.963807, -0.0287211, 0.875179, 0.227958, -0.426728, 5, 5, 5 )
script = ExtResource( 5 )

[node name="Cutout" parent="." instance=ExtResource( 4 )]
transform = Transform( 0.707107, 0, 0.707107, 0, 1, 0, -0.707107, 0, 0.707107, 0, 10, 7 )

[node name="Walls" parent="." instance=ExtResource( 1 )]
transform = Transform( 0.707107, 0, 0.707107, 0, 1, 0, -0.707107, 0, 0.707107, 0, 8, 0 )

[node name="BackgroundSound" type="AudioStreamPlayer3D" parent="."]
transform = Transform( 1, 0, 0, 0, 1, 0, 0, 0, 1, -2, 1, -3 )
stream = ExtResource( 7 )
unit_db = 20.0

[node name="TooCuteSound" type="AudioStreamPlayer3D" parent="."]
stream = ExtResource( 8 )
unit_db = 24.046
pitch_scale = 1.25
